5000000 25
10000 70000.0
50000 200000.0
90000 270000.0
130000 260000.0
170000 340000.0
210000 420000.0
250000 500000.0
290000 441051.5
330000 522100.0999999996
370000 582351.4000000004
410000 623093.4000000004
450000 645848.5
490000 732828.5999999996
530000 711821.7999999998
570000 760408.7000000002
610000 952462.0
650000 931043.3999999999
690000 980101.3999999999
730000 923976.3999999999
770000 1044090.2999999998
810000 1215080.2000000002
850000 1222707.7000000002
890000 1169728.2000000002
930000 1243815.7000000002
970000 1057686.7999999998
