5000000 25
10000 9718.799999999814
50000 14201.799999999814
90000 4591.0999999996275
130000 11084.5
170000 32945.0
210000 11795.099999999627
250000 4807.5
290000 47913.90000000037
330000 39950.299999999814
370000 31519.900000000373
410000 40938.700000000186
450000 19918.599999999627
490000 7885.700000000186
530000 90942.09999999963
570000 47281.90000000037
610000 51299.90000000037
650000 32181.0
690000 69813.70000000019
730000 45272.200000000186
770000 50986.200000000186
810000 42699.40000000037
850000 29342.099999999627
890000 40386.40000000037
930000 16054.599999999627
970000 28265.0
